number
11955
121473
122811
12313
125183
125797
126119
126778
127549
127560
127832
127858
128278
128444
128886
129642
130190
130376
131010
131015
131139
131419
131570
131598
131973
132259
132783
133108
133178
133473
133489
133535
133646
133654
134088
134212
134240
134286
134382
134584
135027
135061
135211
135231
135398
135454
135494
135716
135771
137371
137993
138981
140050
141047
141470
142006
142254
142256
142264
142308
142645
142961
143061
143145
143154
143241
143371
143485
143637
143812
143931
144013
144348
144425
144453
144560
144683
144904
145121
146222
146739
146929
147026
147088
147147
147780
148073
148125
148182
148203
148516
14859
148595
148868
148871
148896
148927
148975
149013
149089
149198
149226
149325
149448
149465
149518
149601
149688
149834
149866
149901
150013
150094
150156
150232
150241
150290
150474
150526
150809
150963
151012
151103
151476
151596
151778
151922
152015
152694
153932
155817
156925
158309
160287
160573
160950
161342
161471
162023
162049
162563
162746
163080
163181
163819
28000
29947
44122
45892
46411
54330
54521
59703
59709
59710
59716
59771
60005
9286
9535
9545
9574